1720682774,1379082005,60.234,1,1,0,0
1720685808,1379082007,62.599,1,1,0,0
1720689456,1379082009,60.268,1,1,0,0
1720692752,1379082011,67.431,1,1,0,0
1720697337,1379082013,63.439,1,1,0,0
1720700082,1379082015,63.556,1,1,0,0
1720704330,1379082017,68.733,1,1,0,0
1720707702,1379082019,68.554,1,1,0,0
1720710704,1379082021,63.679,1,1,0,0
1720714990,1379082023,64.232,1,1,0,0
1720718300,1379082025,60.987,1,1,0,0
1720724349,1379082028,64.975,1,1,0,0
1720727984,1379082030,62.253,1,1,0,0
1720731306,1379082032,70.936,1,1,0,0
1720735272,1379082034,60.239,1,1,0,0
1720737158,1379082035,65.412,1,1,0,0
1720742328,1379082038,63.975,1,1,0,0
1720746197,1379082040,67.06,1,1,0,0
1720749926,1379082042,65.774,1,1,0,0
1720753570,1379082044,69.708,1,1,0,0
1720757468,1379082046,59.843,1,1,0,0
1720761146,1379082048,63.556,1,1,0,0
1720764504,1379082050,72.012,1,1,0,0
1720767518,1379082052,63.556,1,1,0,0
1720772332,1379082054,65.082,1,1,0,0
1720775329,1379082056,70.201,1,1,0,0
1720778678,1379082058,70.667,1,1,0,0
1720783278,1379082060,64.659,1,1,0,0
1720786264,1379082062,57.215,1,1,0,0
1720788979,1379082064,63.556,1,1,0,0
1720792920,1379082066,58.278,1,1,0,0
1720796890,1379082068,64.733,1,1,0,0
1720800272,1379082070,62.777,1,1,0,0
1720804225,1379082072,67.546,1,1,0,0
1720807826,1379082074,63.556,1,1,0,0
1720811134,1379082076,63.556,1,1,0,0
1720815088,1379082078,66.515,1,1,0,0
1720818772,1379082080,67.791,1,1,0,0
1720823036,1379082082,69.619,1,1,0,0
1720826094,1379082084,59.845,1,1,0,0
1720829466,1379082086,59.417,1,1,0,0
1720833707,1379082088,63.556,1,1,0,0
1720836766,1379082090,57.179,1,1,0,0
1720840020,1379082092,63.556,1,1,0,0
1720843722,1379082094,67.703,1,1,0,0
1720847154,1379082096,66.767,1,1,0,0
1720852230,1379082098,64.961,1,1,0,0
1720855552,1379082100,65.987,1,1,0,0
1720858900,1379082102,63.556,1,1,0,0
1720862828,1379082104,60.027,1,1,0,0
1720866222,1379082106,72.926,1,1,0,0
1720869856,1379082108,63.556,1,1,0,0
1720873809,1379082110,56.092,1,1,0,0
1720877410,1379082112,58.601,1,1,0,0
1720880717,1379082114,63.556,1,1,0,0
1720884672,1379082116,60.182,1,1,0,0
1720888344,1379082118,63.556,1,1,0,0
1720891960,1379082120,62.88,1,1,0,0
1720895606,1379082122,63.344,1,1,0,0
1720899576,1379082124,63.152,1,1,0,0
1720903554,1379082126,72.031,1,1,0,0
1720906316,1379082128,70.334,1,1,0,0
1720910498,1379082130,56.158,1,1,0,0
1720914200,1379082132,58.032,1,1,0,0
1720917548,1379082134,65.678,1,1,0,0
1720923614,1379082137,63.556,1,1,0,0
1720924838,1379082138,68.91,1,1,0,0
1720928482,1379082140,63.556,1,1,0,0
1720932104,1379082142,58.558,1,1,0,0
1720935404,1379082144,62.88,1,1,0,0
1720940816,1379082147,57.324,1,1,0,0
1720943338,1379082148,55.347,1,1,0,0
1720946362,1379082150,68.162,1,1,0,0
1720949978,1379082152,62.88,1,1,0,0
1720954272,1379082154,71.586,1,1,0,0
1720957296,1379082156,62.88,1,1,0,0
1720960912,1379082158,67.827,1,1,0,0
1720965205,1379082160,71.982,1,1,0,0
1720968587,1379082162,65.883,1,1,0,0
1720972290,1379082164,64.333,1,1,0,0
1720976142,1379082166,54.566,1,1,0,0
1720979830,1379082168,59.803,1,1,0,0
1720982928,1379082170,66.435,1,1,0,0
1720986779,1379082172,61.514,1,1,0,0
1720990764,1379082174,64.927,1,1,0,0
1720994932,1379082177,62.88,1,1,0,0
1720997340,1379082178,67.88,1,1,0,0
1721001302,1379082180,71.701,1,1,0,0
1721006476,1379082183,68.188,1,1,0,0
1721010666,1379082185,56.86,1,1,0,0
1721014395,1379082187,62.88,1,1,0,0
1721017398,1379082189,57.864,1,1,0,0
1721021939,1379082191,54.267,1,1,0,0
1721025257,1379082193,69.419,1,1,0,0
1721028596,1379082195,55.65,1,1,0,0
1721032846,1379082197,68.931,1,1,0,0
1721036518,1379082199,72.171,1,1,0,0
1721039574,1379082201,62.88,1,1,0,0
1721043852,1379082203,60.479,1,1,0,0
1721047150,1379082205,70.162,1,1,0,0
1721051392,1379082207,59.842,1,1,0,0
1721054081,1379082209,56.384,1,1,0,0
1721058348,1379082211,63.25,1,1,0,0
1721061704,1379082213,62.728,1,1,0,0
1721065974,1379082215,69.283,1,1,0,0
1721069029,1379082217,69.314,1,1,0,0
1721073011,1379082219,57.017,1,1,0,0
1721075762,1379082221,67.543,1,1,0,0
1721079584,1379082223,56.571,1,1,0,0
1721084796,1379082226,67.054,1,1,0,0
1721089692,1379082228,72.075,1,1,0,0
1721091188,1379082229,62.88,1,1,0,0
1721094508,1379082231,53.92,1,1,0,0
1721098856,1379082233,62.88,1,1,0,0
1721102206,1379082235,68.34,1,1,0,0
1721106102,1379082237,62.88,1,1,0,0
1721111200,1379082240,71.902,1,1,0,0
1721114523,1379082242,65.272,1,1,0,0
1721118812,1379082244,62.88,1,1,0,0
1721120976,1379082245,71.787,1,1,0,0
1721125638,1379082248,61.359,1,1,0,0
1721127456,1379082249,62.88,1,1,0,0
1721131114,1379082251,67.99,1,1,0,0
1721136245,1379082254,70.019,1,1,0,0
1721139863,1379082256,65.302,1,1,0,0
1721144689,1379082259,60.751,1,1,0,0
1721144691,1379082259,61.54,1,1,0,0
1721150802,1379082262,59.939,1,1,0,0
1721152333,1379082263,57.126,1,1,0,0
1721155968,1379082265,59.916,1,1,0,0
1721160787,1379082268,55.255,1,1,0,0
1721164718,1379082270,62.88,1,1,0,0
1721170823,1379082273,62.432,1,1,0,0
1721170824,1379082273,62.88,1,1,0,0
1721173924,1379082275,58.953,1,1,0,0
1721177562,1379082277,62.841,1,1,0,0
1721180610,1379082279,54.677,1,1,0,0
1721186034,1379082282,62.88,1,1,0,0
1721188248,1379082283,61.534,1,1,0,0
1721191260,1379082285,66.251,1,1,0,0
1721197191,1379082288,56.558,1,1,0,0
1721201820,1379082291,66.698,1,1,0,0
1721201822,1379082291,71.03,1,1,0,0
1721205837,1379082293,62.204,1,1,0,0
1721211846,1379082296,59.635,1,1,0,0
1721216990,1379082299,57.991,1,1,0,0
1721216991,1379082299,71.247,1,1,0,0
1721220417,1379082301,62.204,1,1,0,0
1721227900,1379082305,62.204,1,1,0,0
1721231277,1379082307,62.204,1,1,0,0
1721231278,1379082307,53.731,1,1,0,0
1721234998,1379082309,53.839,1,1,0,0
1721239235,1379082311,62.204,1,1,0,0
1721242618,1379082313,63.499,1,1,0,0
1721246776,1379082315,62.204,1,1,0,0
1721250098,1379082317,61.528,1,1,0,0
1721253112,1379082319,66.702,1,1,0,0
1721257361,1379082321,64.659,1,1,0,0
1721264716,1379082325,54.1,1,1,0,0
1721268022,1379082327,65.874,1,1,0,0
1721270112,1379082328,64.619,1,1,0,0
1721274975,1379082331,61.528,1,1,0,0
1721274976,1379082331,54.632,1,1,0,0
1721282858,1379082335,61.528,1,1,0,0
1721286544,1379082337,53.902,1,1,0,0
1721288633,1379082338,58.901,1,1,0,0
1721294172,1379082341,60.328,1,1,0,0
1721296890,1379082343,69.793,1,1,0,0
1721301122,1379082345,61.528,1,1,0,0
1721302905,1379082346,65.277,1,1,0,0
1721308384,1379082349,59.079,1,1,0,0
1721312342,1379082351,56.816,1,1,0,0
1721312343,1379082351,70.476,1,1,0,0
1721316002,1379082353,61.528,1,1,0,0
1721318964,1379082355,61.528,1,1,0,0
1721323606,1379082357,62.2,1,1,0,0
1721326604,1379082359,61.528,1,1,0,0
1721329628,1379082361,64.831,1,1,0,0
1721334200,1379082363,54.818,1,1,0,0
1721341260,1379082367,67.684,1,1,0,0
1721344840,1379082369,56.842,1,1,0,0
1721349098,1379082371,58.253,1,1,0,0
1721350296,1379082372,63.299,1,1,0,0
1721352126,1379082373,65.559,1,1,0,0
1721355864,1379082375,61.528,1,1,0,0
1721359030,1379082377,59.827,1,1,0,0
1721362971,1379082379,66.133,1,1,0,0
1721778465,1379082608,60.176,1,1,0,0
1721781561,1379082610,60.387,1,1,0,0
1721786006,1379082612,56.398,1,1,0,0
1721789328,1379082614,59.499,1,1,0,0
1720680335,1379082004,0,1,0,0,0
1720689454,1379082009,0,1,0,0,0
1720700079,1379082015,0,1,0,0,0
1720709160,1379082020,0,1,0,0,0
1720720725,1379082026,0,1,0,0,0
1720729570,1379082031,0,1,0,0,0
1720739943,1379082037,0,1,0,0,0
1720749924,1379082042,0,1,0,0,0
1720759098,1379082047,0,1,0,0,0
1720770031,1379082053,0,1,0,0,0
1720778675,1379082058,0,1,0,0,0
1720788978,1379082064,0,1,0,0,0
1720798224,1379082069,0,1,0,0,0
1720807824,1379082074,0,1,0,0,0
1720818770,1379082080,0,1,0,0,0
1720827355,1379082085,0,1,0,0,0
1720838289,1379082091,17.209,1,0,0,0
1720847151,1379082096,21.088,1,0,0,0
1720858898,1379082102,17.693,1,0,0,0
1720868378,1379082107,19.665,1,0,0,0
1720877407,1379082112,17.716,1,0,0,0
1720888342,1379082118,17.27,1,0,0,0
1720897833,1379082123,19.375,1,0,0,0
1720908768,1379082129,18.503,1,0,0,0
1720917546,1379082134,20.18,1,0,0,0
1720928480,1379082140,18.9,1,0,0,0
1720937244,1379082145,20.233,1,0,0,0
1720946360,1379082150,20.093,1,0,0,0
1720957294,1379082156,19.375,1,0,0,0
1720967319,1379082161,18.073,1,0,0,0
1720976140,1379082166,19.877,1,0,0,0
1720986777,1379082172,19.375,1,0,0,0
1720994929,1379082177,17.903,1,0,0,0
1721006473,1379082183,20.357,1,0,0,0
1721016026,1379082188,20.142,1,0,0,0
1721026815,1379082194,19.375,1,0,0,0
1721036515,1379082199,20.741,1,0,0,0
1721045481,1379082204,19.183,1,0,0,0
1721055976,1379082210,20.093,1,0,0,0
1721065971,1379082215,19.375,1,0,0,0
1721075759,1379082221,21.392,1,0,0,0
1721084794,1379082226,18.207,1,0,0,0
1721094505,1379082231,21.524,1,0,0,0
1721106099,1379082237,21.496,1,0,0,0
1721114522,1379082242,20.093,1,0,0,0
1721125636,1379082248,21.946,1,0,0,0
1721134503,1379082253,19.737,1,0,0,0
1721144688,1379082259,19.725,1,0,0,0
1721153794,1379082264,21.33,1,0,0,0
1721162639,1379082269,19.862,1,0,0,0
1721173921,1379082275,19.375,1,0,0,0
1721182170,1379082280,20.961,1,0,0,0
1721191258,1379082285,21.844,1,0,0,0
1721201818,1379082291,20.093,1,0,0,0
1721211844,1379082296,20.093,1,0,0,0
1721222464,1379082302,20.093,1,0,0,0
1721231274,1379082307,18.327,1,0,0,0
1721241054,1379082312,20.743,1,0,0,0
1721250964,1379082318,18.192,1,0,0,0
1721261104,1379082323,19.864,1,0,0,0
1721271670,1379082329,19.491,1,0,0,0
1721281046,1379082334,20.093,1,0,0,0
1721291980,1379082340,18.529,1,0,0,0
1721301120,1379082345,20.482,1,0,0,0
1721310166,1379082350,21.009,1,0,0,0
1721321504,1379082356,19.236,1,0,0,0
1721329626,1379082361,19.336,1,0,0,0
1721341258,1379082367,21.87,1,0,0,0
1721350294,1379082372,17.674,1,0,0,0
1721360910,1379082378,20.86,1,0,0,0
1721370036,1379082383,20.093,1,0,0,0
1721379102,1379082388,19.394,1,0,0,0
1721389086,1379082394,20.093,1,0,0,0
1721398766,1379082399,22.064,1,0,0,0
1721408233,1379082404,17.526,1,0,0,0
1721418576,1379082410,20.093,1,0,0,0
1721428623,1379082415,20.178,1,0,0,0
1721438986,1379082421,20.206,1,0,0,0
1721447880,1379082426,19.758,1,0,0,0
1721456658,1379082431,21.649,1,0,0,0
1721466893,1379082437,20.093,1,0,0,0
1721476024,1379082442,18.994,1,0,0,0
1721487934,1379082448,18.159,1,0,0,0
1721497232,1379082453,21.649,1,0,0,0
1721505892,1379082458,18.407,1,0,0,0
1721516754,1379082464,18.114,1,0,0,0
1721526448,1379082469,20.093,1,0,0,0
1721537382,1379082475,20.093,1,0,0,0
1721546198,1379082480,20.093,1,0,0,0
1721556176,1379082486,20.093,1,0,0,0
1721566838,1379082491,18.932,1,0,0,0
1721575402,1379082496,20.061,1,0,0,0
1721586860,1379082502,20.926,1,0,0,0
1721595076,1379082507,17.836,1,0,0,0
1721606240,1379082513,20.093,1,0,0,0
1721616064,1379082518,21.57,1,0,0,0
1721625192,1379082523,20.324,1,0,0,0
1721635801,1379082529,19.823,1,0,0,0
1721645170,1379082534,20.093,1,0,0,0
1721656440,1379082540,20.57,1,0,0,0
1721665158,1379082545,20.219,1,0,0,0
1721674031,1379082550,21.507,1,0,0,0
1721684282,1379082556,18.275,1,0,0,0
1721693396,1379082561,21.266,1,0,0,0
1721703670,1379082567,18.834,1,0,0,0
1721713749,1379082572,20.093,1,0,0,0
1721722522,1379082577,20.451,1,0,0,0
1721732320,1379082583,21.797,1,0,0,0
1721742070,1379082588,17.832,1,0,0,0
1721753300,1379082594,20.093,1,0,0,0
1721761524,1379082599,19.51,1,0,0,0
1721770800,1379082604,19.644,1,0,0,0
1721781560,1379082610,20.145,1,0,0,0
1721790970,1379082615,21.991,1,0,0,0
1721801903,1379082621,20.093,1,0,0,0
1721811267,1379082626,20.214,1,0,0,0
1721820750,1379082631,19.583,1,0,0,0
1721830664,1379082637,19.755,1,0,0,0
1721840808,1379082642,20.161,1,0,0,0
1721851330,1379082648,18.407,1,0,0,0
1721860810,1379082653,18.823,1,0,0,0
1721871190,1379082659,19.186,1,0,0,0
1721880774,1379082664,19.692,1,0,0,0
1721889936,1379082669,17.946,1,0,0,0
1721900948,1379082675,17.631,1,0,0,0
1721909940,1379082680,17.531,1,0,0,0
1721921164,1379082686,20.093,1,0,0,0
1721929960,1379082691,20.109,1,0,0,0
1721939122,1379082696,19.909,1,0,0,0
1721949725,1379082702,17.556,1,0,0,0
1721959164,1379082707,18.243,1,0,0,0
1721970181,1379082713,21.855,1,0,0,0
1721978712,1379082718,20.811,1,0,0,0
1721989034,1379082723,19.944,1,0,0,0
1721998729,1379082729,18.235,1,0,0,0
1722007838,1379082734,18.295,1,0,0,0
1722018508,1379082740,19.416,1,0,0,0
1722028478,1379082745,20.093,1,0,0,0
1722037589,1379082750,20.811,1,0,0,0
1722048305,1379082756,20.093,1,0,0,0
1722057430,1379082761,21.439,1,0,0,0
1722068067,1379082767,20.093,1,0,0,0
1722076697,1379082772,17.597,1,0,0,0
1722086858,1379082777,20.668,1,0,0,0
1722096942,1379082783,18.873,1,0,0,0
1722108168,1379082789,18.796,1,0,0,0
1722117234,1379082794,20.756,1,0,0,0
1722126101,1379082799,20.234,1,0,0,0
1722137360,1379082805,20.093,1,0,0,0
1722147428,1379082810,20.093,1,0,0,0
1722155630,1379082815,17.455,1,0,0,0
1722166111,1379082821,22.078,1,0,0,0
1722175562,1379082826,18.298,1,0,0,0
1722186424,1379082832,19.02,1,0,0,0
1722195920,1379082837,21.118,1,0,0,0
1722205727,1379082842,20.811,1,0,0,0
1722216512,1379082848,19.15,1,0,0,0
1722225382,1379082853,20.081,1,0,0,0
1722236387,1379082859,18.202,1,0,0,0
1722245473,1379082864,23.261,1,0,0,0
1722254843,1379082869,20.093,1,0,0,0
1722265514,1379082875,20.448,1,0,0,0
1722274930,1379082880,21.697,1,0,0,0
1722285154,1379082886,20.093,1,0,0,0
1722294630,1379082891,20.093,1,0,0,0
1722303414,1379082896,19.954,1,0,0,0
1722314983,1379082902,20.093,1,0,0,0
1722323552,1379082907,20.811,1,0,0,0
1722334638,1379082913,20.537,1,0,0,0
1722344429,1379082918,20.108,1,0,0,0
1722355448,1379082924,20.811,1,0,0,0
1722364088,1379082929,18.615,1,0,0,0
1722374222,1379082934,19.432,1,0,0,0
1722384194,1379082940,22.842,1,0,0,0
1722393578,1379082945,20.811,1,0,0,0
1722404540,1379082951,19.239,1,0,0,0
1722413353,1379082956,21.439,1,0,0,0
1722422462,1379082961,20.891,1,0,0,0
1722433392,1379082967,23.681,1,0,0,0
1722441888,1379082972,19.031,1,0,0,0
1722452498,1379082978,23.043,1,0,0,0
1722462848,1379082983,21.387,1,0,0,0
1722471344,1379082988,20.811,1,0,0,0
1722482026,1379082994,20.129,1,0,0,0
1722491581,1379082999,22.774,1,0,0,0
1722502186,1379083005,21.077,1,0,0,0
1722511482,1379083010,23.783,1,0,0,0
1722520819,1379083015,26.79,1,0,0,0
1722531972,1379083021,25.86,1,0,0,0
1722540648,1379083026,27.404,1,0,0,0
1722551138,1379083032,24.056,1,0,0,0
1722561237,1379083037,47.119,1,0,0,0
1722570098,1379083042,41.649,1,0,0,0
1722580960,1379083048,41.621,1,0,0,0
1722590364,1379083053,41.95,1,0,0,0
1722600466,1379083059,41.621,1,0,0,0
1722609588,1379083064,38.205,1,0,0,0
1722618322,1379083069,46.113,1,0,0,0
