2017-09-02 15:23:22;0;51.81841278076172;8.727283477783203;162.0;8.0;None;None;
2017-09-02 15:23:23;0;51.81841278076172;8.727282524108887;162.0;8.0;0.06576102893365486;0.06576102893365486;
2017-09-02 15:23:23;0;51.81841278076172;8.727282524108887;162.0;8.0;0.0;None;
2017-09-02 15:23:24;0;51.8183708190918;8.727314949035645;188.0;5.0;5.176583130692166;5.176583130692166;
2017-09-02 15:23:25;0;51.81837844848633;8.727311134338379;188.0;4.0;0.8886974211968836;0.8886974211968836;
2017-09-02 15:23:01;2;51.81821060180664;8.809637069702148;204.86953735351562;16.0;0.0;0.0;
2017-09-02 15:23:02;2;51.81821060180664;8.809637069702148;204.86953735351562;16.0;0.0;0.0;
2017-09-02 15:23:03;2;51.81821060180664;8.809637069702148;204.86953735351562;16.0;0.0;0.0;
2017-09-02 15:23:04;2;51.81821060180664;8.809637069702148;204.86953735351562;16.0;0.0;0.0;
2017-09-02 15:23:05;2;51.81821060180664;8.809637069702148;204.86953735351562;16.0;0.0;0.0;
