1720682774,1379082005,60.234,1,1,0,0
1720685808,1379082007,62.599,1,1,0,0
1720689456,1379082009,60.268,1,1,0,0
1720692752,1379082011,67.431,1,1,0,0
1720697337,1379082013,63.439,1,1,0,0
1720700082,1379082015,63.556,1,1,0,0
1720704330,1379082017,68.733,1,1,0,0
1720707702,1379082019,68.554,1,1,0,0
1720710704,1379082021,63.679,1,1,0,0
1720714990,1379082023,64.232,1,1,0,0
1720718300,1379082025,60.987,1,1,0,0
1720724349,1379082028,64.975,1,1,0,0
1720727984,1379082030,62.253,1,1,0,0
1720731306,1379082032,70.936,1,1,0,0
1720735272,1379082034,60.239,1,1,0,0
1720737158,1379082035,65.412,1,1,0,0
1720742328,1379082038,63.975,1,1,0,0
1720746197,1379082040,67.06,1,1,0,0
1720749926,1379082042,65.774,1,1,0,0
1720753570,1379082044,69.708,1,1,0,0
1720757468,1379082046,59.843,1,1,0,0
1720761146,1379082048,63.556,1,1,0,0
1720764504,1379082050,72.012,1,1,0,0
1720767518,1379082052,63.556,1,1,0,0
1720772332,1379082054,65.082,1,1,0,0
1720775329,1379082056,70.201,1,1,0,0
1720778678,1379082058,70.667,1,1,0,0
1720783278,1379082060,64.659,1,1,0,0
1720786264,1379082062,57.215,1,1,0,0
1720788979,1379082064,63.556,1,1,0,0
1720792920,1379082066,58.278,1,1,0,0
1720796890,1379082068,64.733,1,1,0,0
1720800272,1379082070,62.777,1,1,0,0
1720804225,1379082072,67.546,1,1,0,0
1720807826,1379082074,63.556,1,1,0,0
1720811134,1379082076,63.556,1,1,0,0
1720815088,1379082078,66.515,1,1,0,0
1720818772,1379082080,67.791,1,1,0,0
1720823036,1379082082,69.619,1,1,0,0
1720826094,1379082084,59.845,1,1,0,0
1720829466,1379082086,59.417,1,1,0,0
1720833707,1379082088,63.556,1,1,0,0
1720836766,1379082090,57.179,1,1,0,0
1720840020,1379082092,63.556,1,1,0,0
1720843722,1379082094,67.703,1,1,0,0
1720847154,1379082096,66.767,1,1,0,0
1720852230,1379082098,64.961,1,1,0,0
1720855552,1379082100,65.987,1,1,0,0
1720858900,1379082102,63.556,1,1,0,0
1720862828,1379082104,60.027,1,1,0,0
1720866222,1379082106,72.926,1,1,0,0
1720869856,1379082108,63.556,1,1,0,0
1720873809,1379082110,56.092,1,1,0,0
1720877410,1379082112,58.601,1,1,0,0
1720880717,1379082114,63.556,1,1,0,0
1720884672,1379082116,60.182,1,1,0,0
1720888344,1379082118,63.556,1,1,0,0
1720891960,1379082120,62.88,1,1,0,0
1720895606,1379082122,63.344,1,1,0,0
1720899576,1379082124,63.152,1,1,0,0
1720903554,1379082126,72.031,1,1,0,0
1720906316,1379082128,70.334,1,1,0,0
1720910498,1379082130,56.158,1,1,0,0
1720914200,1379082132,58.032,1,1,0,0
1720917548,1379082134,65.678,1,1,0,0
1720923614,1379082137,63.556,1,1,0,0
1720924838,1379082138,68.91,1,1,0,0
1720928482,1379082140,63.556,1,1,0,0
1720932104,1379082142,58.558,1,1,0,0
1720935404,1379082144,62.88,1,1,0,0
1720940816,1379082147,57.324,1,1,0,0
1720943338,1379082148,55.347,1,1,0,0
1720946362,1379082150,68.162,1,1,0,0
1720949978,1379082152,62.88,1,1,0,0
1720954272,1379082154,71.586,1,1,0,0
1720957296,1379082156,62.88,1,1,0,0
1720960912,1379082158,67.827,1,1,0,0
1720965205,1379082160,71.982,1,1,0,0
1720968587,1379082162,65.883,1,1,0,0
1720972290,1379082164,64.333,1,1,0,0
1720976142,1379082166,54.566,1,1,0,0
1720979830,1379082168,59.803,1,1,0,0
1720982928,1379082170,66.435,1,1,0,0
1720986779,1379082172,61.514,1,1,0,0
1720990764,1379082174,64.927,1,1,0,0
1720994932,1379082177,62.88,1,1,0,0
1720997340,1379082178,67.88,1,1,0,0
1721001302,1379082180,71.701,1,1,0,0
1721006476,1379082183,68.188,1,1,0,0
1721010666,1379082185,56.86,1,1,0,0
1721014395,1379082187,62.88,1,1,0,0
1721017398,1379082189,57.864,1,1,0,0
1721021939,1379082191,54.267,1,1,0,0
1721025257,1379082193,69.419,1,1,0,0
1721028596,1379082195,55.65,1,1,0,0
1721032846,1379082197,68.931,1,1,0,0
1721036518,1379082199,72.171,1,1,0,0
1721039574,1379082201,62.88,1,1,0,0
1721043852,1379082203,60.479,1,1,0,0
1721047150,1379082205,70.162,1,1,0,0
1721051392,1379082207,59.842,1,1,0,0
1721054081,1379082209,56.384,1,1,0,0
1721058348,1379082211,63.25,1,1,0,0
1721061704,1379082213,62.728,1,1,0,0
1721065974,1379082215,69.283,1,1,0,0
1721069029,1379082217,69.314,1,1,0,0
1721073011,1379082219,57.017,1,1,0,0
1721075762,1379082221,67.543,1,1,0,0
1721079584,1379082223,56.571,1,1,0,0
1721084796,1379082226,67.054,1,1,0,0
1721089692,1379082228,72.075,1,1,0,0
1721091188,1379082229,62.88,1,1,0,0
1721094508,1379082231,53.92,1,1,0,0
1721098856,1379082233,62.88,1,1,0,0
1721102206,1379082235,68.34,1,1,0,0
1721106102,1379082237,62.88,1,1,0,0
1721111200,1379082240,71.902,1,1,0,0
1721114523,1379082242,65.272,1,1,0,0
1721118812,1379082244,62.88,1,1,0,0
1721120976,1379082245,71.787,1,1,0,0
1721125638,1379082248,61.359,1,1,0,0
1721127456,1379082249,62.88,1,1,0,0
1721131114,1379082251,67.99,1,1,0,0
1721136245,1379082254,70.019,1,1,0,0
1721139863,1379082256,65.302,1,1,0,0
1721144689,1379082259,60.751,1,1,0,0
1721144691,1379082259,61.54,1,1,0,0
1721150802,1379082262,59.939,1,1,0,0
1721152333,1379082263,57.126,1,1,0,0
1721155968,1379082265,59.916,1,1,0,0
1721160787,1379082268,55.255,1,1,0,0
1721164718,1379082270,62.88,1,1,0,0
1721170823,1379082273,62.432,1,1,0,0
1721170824,1379082273,62.88,1,1,0,0
1721173924,1379082275,58.953,1,1,0,0
1721177562,1379082277,62.841,1,1,0,0
1721180610,1379082279,54.677,1,1,0,0
1721186034,1379082282,62.88,1,1,0,0
1721188248,1379082283,61.534,1,1,0,0
1721191260,1379082285,66.251,1,1,0,0
1721197191,1379082288,56.558,1,1,0,0
1721201820,1379082291,66.698,1,1,0,0
1721201822,1379082291,71.03,1,1,0,0
1721205837,1379082293,62.204,1,1,0,0
1721211846,1379082296,59.635,1,1,0,0
1721216990,1379082299,57.991,1,1,0,0
1721216991,1379082299,71.247,1,1,0,0
1721220417,1379082301,62.204,1,1,0,0
1721227900,1379082305,62.204,1,1,0,0
1721231277,1379082307,62.204,1,1,0,0
1721231278,1379082307,53.731,1,1,0,0
1721234998,1379082309,53.839,1,1,0,0
1721239235,1379082311,62.204,1,1,0,0
1721242618,1379082313,63.499,1,1,0,0
1721246776,1379082315,62.204,1,1,0,0
1721250098,1379082317,61.528,1,1,0,0
1721253112,1379082319,66.702,1,1,0,0
1721257361,1379082321,64.659,1,1,0,0
1721264716,1379082325,54.1,1,1,0,0
1721268022,1379082327,65.874,1,1,0,0
1721270112,1379082328,64.619,1,1,0,0
1721274975,1379082331,61.528,1,1,0,0
1721274976,1379082331,54.632,1,1,0,0
1721282858,1379082335,61.528,1,1,0,0
1721286544,1379082337,53.902,1,1,0,0
1721288633,1379082338,58.901,1,1,0,0
1721294172,1379082341,60.328,1,1,0,0
1721296890,1379082343,69.793,1,1,0,0
1721301122,1379082345,61.528,1,1,0,0
1721302905,1379082346,65.277,1,1,0,0
1721308384,1379082349,59.079,1,1,0,0
1721312342,1379082351,56.816,1,1,0,0
1721312343,1379082351,70.476,1,1,0,0
1721316002,1379082353,61.528,1,1,0,0
1721318964,1379082355,61.528,1,1,0,0
1721323606,1379082357,62.2,1,1,0,0
1721326604,1379082359,61.528,1,1,0,0
1721329628,1379082361,64.831,1,1,0,0
1721334200,1379082363,54.818,1,1,0,0
1721341260,1379082367,67.684,1,1,0,0
1721344840,1379082369,56.842,1,1,0,0
1721349098,1379082371,58.253,1,1,0,0
1721350296,1379082372,63.299,1,1,0,0
1721352126,1379082373,65.559,1,1,0,0
1721355864,1379082375,61.528,1,1,0,0
1721359030,1379082377,59.827,1,1,0,0
1721362971,1379082379,66.133,1,1,0,0
1721778465,1379082608,60.176,1,1,0,0
1721781561,1379082610,60.387,1,1,0,0
1721786006,1379082612,56.398,1,1,0,0
1721789328,1379082614,59.499,1,1,0,0
