1721094505,1379082231,21.524,1,0,0,0
1721106099,1379082237,21.496,1,0,0,0
1721114522,1379082242,20.093,1,0,0,0
1721125636,1379082248,21.946,1,0,0,0
1721134503,1379082253,19.737,1,0,0,0
1721144688,1379082259,19.725,1,0,0,0
1721153794,1379082264,21.33,1,0,0,0
1721162639,1379082269,19.862,1,0,0,0
1721173921,1379082275,19.375,1,0,0,0
1721182170,1379082280,20.961,1,0,0,0
1721191258,1379082285,21.844,1,0,0,0
1721201818,1379082291,20.093,1,0,0,0
1721211844,1379082296,20.093,1,0,0,0
1721222464,1379082302,20.093,1,0,0,0
1721231274,1379082307,18.327,1,0,0,0
1721241054,1379082312,20.743,1,0,0,0
1721250964,1379082318,18.192,1,0,0,0
1721261104,1379082323,19.864,1,0,0,0
1721271670,1379082329,19.491,1,0,0,0
1721281046,1379082334,20.093,1,0,0,0
1721291980,1379082340,18.529,1,0,0,0
1721301120,1379082345,20.482,1,0,0,0
1721310166,1379082350,21.009,1,0,0,0
1721321504,1379082356,19.236,1,0,0,0
1721329626,1379082361,19.336,1,0,0,0
1721341258,1379082367,21.87,1,0,0,0
1721350294,1379082372,17.674,1,0,0,0
1721360910,1379082378,20.86,1,0,0,0
1721370036,1379082383,20.093,1,0,0,0
1721379102,1379082388,19.394,1,0,0,0
1721389086,1379082394,20.093,1,0,0,0
1721398766,1379082399,22.064,1,0,0,0
1721408233,1379082404,17.526,1,0,0,0
1721418576,1379082410,20.093,1,0,0,0
1721428623,1379082415,20.178,1,0,0,0
1721438986,1379082421,20.206,1,0,0,0
1721447880,1379082426,19.758,1,0,0,0
1721456658,1379082431,21.649,1,0,0,0
1721466893,1379082437,20.093,1,0,0,0
1721476024,1379082442,18.994,1,0,0,0
