1720838289,1379082091,17.209,1,0,0,0
1720847151,1379082096,21.088,1,0,0,0
1720858898,1379082102,17.693,1,0,0,0
1720868378,1379082107,19.665,1,0,0,0
1720877407,1379082112,17.716,1,0,0,0
1720888342,1379082118,17.27,1,0,0,0
1720897833,1379082123,19.375,1,0,0,0
1720908768,1379082129,18.503,1,0,0,0
1720917546,1379082134,20.18,1,0,0,0
1720928480,1379082140,18.9,1,0,0,0
1720937244,1379082145,20.233,1,0,0,0
1720946360,1379082150,20.093,1,0,0,0
1720957294,1379082156,19.375,1,0,0,0
1720967319,1379082161,18.073,1,0,0,0
1720976140,1379082166,19.877,1,0,0,0
1720986777,1379082172,19.375,1,0,0,0
1720994929,1379082177,17.903,1,0,0,0
1721006473,1379082183,20.357,1,0,0,0
1721016026,1379082188,20.142,1,0,0,0
1721026815,1379082194,19.375,1,0,0,0
1721036515,1379082199,20.741,1,0,0,0
1721045481,1379082204,19.183,1,0,0,0
1721055976,1379082210,20.093,1,0,0,0
1721065971,1379082215,19.375,1,0,0,0
1721075759,1379082221,21.392,1,0,0,0
1721084794,1379082226,18.207,1,0,0,0
1721094505,1379082231,21.524,1,0,0,0
1721106099,1379082237,21.496,1,0,0,0
1721114522,1379082242,20.093,1,0,0,0
1721125636,1379082248,21.946,1,0,0,0
1721134503,1379082253,19.737,1,0,0,0
1721144688,1379082259,19.725,1,0,0,0
1721153794,1379082264,21.33,1,0,0,0
1721162639,1379082269,19.862,1,0,0,0
1721173921,1379082275,19.375,1,0,0,0
1721182170,1379082280,20.961,1,0,0,0
1721191258,1379082285,21.844,1,0,0,0
1721201818,1379082291,20.093,1,0,0,0
1721211844,1379082296,20.093,1,0,0,0
1721222464,1379082302,20.093,1,0,0,0
1721231274,1379082307,18.327,1,0,0,0
1721241054,1379082312,20.743,1,0,0,0
1721250964,1379082318,18.192,1,0,0,0
1721261104,1379082323,19.864,1,0,0,0
1721271670,1379082329,19.491,1,0,0,0
1721281046,1379082334,20.093,1,0,0,0
1721291980,1379082340,18.529,1,0,0,0
1721301120,1379082345,20.482,1,0,0,0
1721310166,1379082350,21.009,1,0,0,0
1721321504,1379082356,19.236,1,0,0,0
1721329626,1379082361,19.336,1,0,0,0
1721341258,1379082367,21.87,1,0,0,0
1721350294,1379082372,17.674,1,0,0,0
1721360910,1379082378,20.86,1,0,0,0
1721370036,1379082383,20.093,1,0,0,0
1721379102,1379082388,19.394,1,0,0,0
1721389086,1379082394,20.093,1,0,0,0
1721398766,1379082399,22.064,1,0,0,0
1721408233,1379082404,17.526,1,0,0,0
1721418576,1379082410,20.093,1,0,0,0
1721428623,1379082415,20.178,1,0,0,0
1721438986,1379082421,20.206,1,0,0,0
1721447880,1379082426,19.758,1,0,0,0
1721456658,1379082431,21.649,1,0,0,0
1721466893,1379082437,20.093,1,0,0,0
1721476024,1379082442,18.994,1,0,0,0
1721487934,1379082448,18.159,1,0,0,0
1721497232,1379082453,21.649,1,0,0,0
1721505892,1379082458,18.407,1,0,0,0
1721516754,1379082464,18.114,1,0,0,0
1721526448,1379082469,20.093,1,0,0,0
1721537382,1379082475,20.093,1,0,0,0
1721546198,1379082480,20.093,1,0,0,0
1721556176,1379082486,20.093,1,0,0,0
1721566838,1379082491,18.932,1,0,0,0
1721575402,1379082496,20.061,1,0,0,0
1721586860,1379082502,20.926,1,0,0,0
1721595076,1379082507,17.836,1,0,0,0
1721606240,1379082513,20.093,1,0,0,0
1721616064,1379082518,21.57,1,0,0,0
1721625192,1379082523,20.324,1,0,0,0
1721635801,1379082529,19.823,1,0,0,0
1721645170,1379082534,20.093,1,0,0,0
1721656440,1379082540,20.57,1,0,0,0
1721665158,1379082545,20.219,1,0,0,0
1721674031,1379082550,21.507,1,0,0,0
1721684282,1379082556,18.275,1,0,0,0
1721693396,1379082561,21.266,1,0,0,0
1721703670,1379082567,18.834,1,0,0,0
1721713749,1379082572,20.093,1,0,0,0
1721722522,1379082577,20.451,1,0,0,0
1721732320,1379082583,21.797,1,0,0,0
1721742070,1379082588,17.832,1,0,0,0
1721753300,1379082594,20.093,1,0,0,0
1721761524,1379082599,19.51,1,0,0,0
1721770800,1379082604,19.644,1,0,0,0
1721781560,1379082610,20.145,1,0,0,0
1721790970,1379082615,21.991,1,0,0,0
1721801903,1379082621,20.093,1,0,0,0
1721811267,1379082626,20.214,1,0,0,0
1721820750,1379082631,19.583,1,0,0,0
1721830664,1379082637,19.755,1,0,0,0
1721840808,1379082642,20.161,1,0,0,0
1721851330,1379082648,18.407,1,0,0,0
1721860810,1379082653,18.823,1,0,0,0
1721871190,1379082659,19.186,1,0,0,0
1721880774,1379082664,19.692,1,0,0,0
1721889936,1379082669,17.946,1,0,0,0
1721900948,1379082675,17.631,1,0,0,0
1721909940,1379082680,17.531,1,0,0,0
1721921164,1379082686,20.093,1,0,0,0
1721929960,1379082691,20.109,1,0,0,0
1721939122,1379082696,19.909,1,0,0,0
1721949725,1379082702,17.556,1,0,0,0
1721959164,1379082707,18.243,1,0,0,0
1721970181,1379082713,21.855,1,0,0,0
1721978712,1379082718,20.811,1,0,0,0
1721989034,1379082723,19.944,1,0,0,0
1721998729,1379082729,18.235,1,0,0,0
1722007838,1379082734,18.295,1,0,0,0
1722018508,1379082740,19.416,1,0,0,0
1722028478,1379082745,20.093,1,0,0,0
1722037589,1379082750,20.811,1,0,0,0
1722048305,1379082756,20.093,1,0,0,0
1722057430,1379082761,21.439,1,0,0,0
1722068067,1379082767,20.093,1,0,0,0
1722076697,1379082772,17.597,1,0,0,0
1722086858,1379082777,20.668,1,0,0,0
1722096942,1379082783,18.873,1,0,0,0
1722108168,1379082789,18.796,1,0,0,0
1722117234,1379082794,20.756,1,0,0,0
1722126101,1379082799,20.234,1,0,0,0
1722137360,1379082805,20.093,1,0,0,0
1722147428,1379082810,20.093,1,0,0,0
1722155630,1379082815,17.455,1,0,0,0
1722166111,1379082821,22.078,1,0,0,0
1722175562,1379082826,18.298,1,0,0,0
1722186424,1379082832,19.02,1,0,0,0
1722195920,1379082837,21.118,1,0,0,0
1722205727,1379082842,20.811,1,0,0,0
1722216512,1379082848,19.15,1,0,0,0
1722225382,1379082853,20.081,1,0,0,0
1722236387,1379082859,18.202,1,0,0,0
1722245473,1379082864,23.261,1,0,0,0
1722254843,1379082869,20.093,1,0,0,0
1722265514,1379082875,20.448,1,0,0,0
1722274930,1379082880,21.697,1,0,0,0
1722285154,1379082886,20.093,1,0,0,0
1722294630,1379082891,20.093,1,0,0,0
1722303414,1379082896,19.954,1,0,0,0
1722314983,1379082902,20.093,1,0,0,0
1722323552,1379082907,20.811,1,0,0,0
1722334638,1379082913,20.537,1,0,0,0
1722344429,1379082918,20.108,1,0,0,0
1722355448,1379082924,20.811,1,0,0,0
1722364088,1379082929,18.615,1,0,0,0
1722374222,1379082934,19.432,1,0,0,0
1722384194,1379082940,22.842,1,0,0,0
1722393578,1379082945,20.811,1,0,0,0
1722404540,1379082951,19.239,1,0,0,0
1722413353,1379082956,21.439,1,0,0,0
1722422462,1379082961,20.891,1,0,0,0
1722433392,1379082967,23.681,1,0,0,0
1722441888,1379082972,19.031,1,0,0,0
1722452498,1379082978,23.043,1,0,0,0
1722462848,1379082983,21.387,1,0,0,0
1722471344,1379082988,20.811,1,0,0,0
1722482026,1379082994,20.129,1,0,0,0
1722491581,1379082999,22.774,1,0,0,0
1722502186,1379083005,21.077,1,0,0,0
1722511482,1379083010,23.783,1,0,0,0
1722520819,1379083015,26.79,1,0,0,0
1722531972,1379083021,25.86,1,0,0,0
1722540648,1379083026,27.404,1,0,0,0
1722551138,1379083032,24.056,1,0,0,0
1722561237,1379083037,47.119,1,0,0,0
1722570098,1379083042,41.649,1,0,0,0
1722580960,1379083048,41.621,1,0,0,0
1722590364,1379083053,41.95,1,0,0,0
1722600466,1379083059,41.621,1,0,0,0
1722609588,1379083064,38.205,1,0,0,0
1722618322,1379083069,46.113,1,0,0,0
