1720862828,1379082104,60.027,1,1,0,0
1720866222,1379082106,72.926,1,1,0,0
1720869856,1379082108,63.556,1,1,0,0
1720873809,1379082110,56.092,1,1,0,0
1720877410,1379082112,58.601,1,1,0,0
1720880717,1379082114,63.556,1,1,0,0
1720884672,1379082116,60.182,1,1,0,0
1720888344,1379082118,63.556,1,1,0,0
1720891960,1379082120,62.88,1,1,0,0
1720895606,1379082122,63.344,1,1,0,0
1720899576,1379082124,63.152,1,1,0,0
1720903554,1379082126,72.031,1,1,0,0
1720906316,1379082128,70.334,1,1,0,0
1720910498,1379082130,56.158,1,1,0,0
1720914200,1379082132,58.032,1,1,0,0
1720917548,1379082134,65.678,1,1,0,0
1720923614,1379082137,63.556,1,1,0,0
1720924838,1379082138,68.91,1,1,0,0
1720928482,1379082140,63.556,1,1,0,0
1720932104,1379082142,58.558,1,1,0,0
1720935404,1379082144,62.88,1,1,0,0
1720940816,1379082147,57.324,1,1,0,0
1720943338,1379082148,55.347,1,1,0,0
1720946362,1379082150,68.162,1,1,0,0
1720949978,1379082152,62.88,1,1,0,0
1720954272,1379082154,71.586,1,1,0,0
1720957296,1379082156,62.88,1,1,0,0
1720960912,1379082158,67.827,1,1,0,0
1720965205,1379082160,71.982,1,1,0,0
1720968587,1379082162,65.883,1,1,0,0
1720972290,1379082164,64.333,1,1,0,0
1720976142,1379082166,54.566,1,1,0,0
1720979830,1379082168,59.803,1,1,0,0
1720982928,1379082170,66.435,1,1,0,0
1720986779,1379082172,61.514,1,1,0,0
1720990764,1379082174,64.927,1,1,0,0
1720994932,1379082177,62.88,1,1,0,0
1720997340,1379082178,67.88,1,1,0,0
1721001302,1379082180,71.701,1,1,0,0
1721006476,1379082183,68.188,1,1,0,0
