3,2019-03-06 17:29:05.032,3532,2,3074,406,9001,0.0,0.0,0.0
4,2019-03-06 17:29:29.041,641,0,205,420,9001,0.0,0.0,0.0
5,2019-03-06 17:29:50.042,485,2,148,315,9001,0.0,0.0,0.0
6,2019-03-06 17:30:10.884,3462,1,3083,368,9001,0.0,0.0,0.0
8,2019-03-06 17:31:14.763,3618,2,3319,290,9001,0.0,0.0,0.0
9,2019-03-06 17:31:54.824,393,0,67,317,9001,0.0,0.0,0.0
10,2019-03-06 17:32:15.590,3610,1,3229,374,9001,0.0,0.0,0.0
11,2019-03-06 17:32:39.592,441,3,79,351,9001,0.0,0.0,0.0
12,2019-03-06 17:33:00.437,3937,1,3414,507,9001,0.0,0.0,0.0
13,2019-03-06 17:33:40.491,474,1,96,368,9001,0.0,0.0,0.0
14,2019-03-06 17:34:01.452,4434,0,3573,849,9001,0.0,0.0,0.0
15,2019-03-06 17:34:41.456,403,0,69,326,9001,0.0,0.0,0.0
16,2019-03-06 17:35:02.272,4012,0,3471,530,9001,0.0,0.0,0.0
17,2019-03-06 17:35:42.308,469,0,71,391,9001,0.0,0.0,0.0
18,2019-03-06 17:36:03.219,4184,1,3668,504,9001,0.0,0.0,0.0
19,2019-03-06 17:36:43.256,433,1,73,354,9001,0.0,0.0,0.0
20,2019-03-06 17:37:04.124,3877,0,3471,396,9001,0.0,0.0,0.0
21,2019-03-06 17:37:44.166,431,0,75,351,9001,0.0,0.0,0.0
22,2019-03-06 17:38:05.048,3975,0,3564,396,9001,0.0,0.0,0.0
23,2019-03-06 17:38:45.092,507,0,92,409,9001,0.0,0.0,0.0
24,2019-03-06 17:39:06.058,4358,3,3690,651,9001,0.0,0.0,0.0
25,2019-03-06 17:39:46.112,431,1,58,365,9001,0.0,0.0,0.0
26,2019-03-06 17:40:07.005,4297,0,3626,665,9001,0.0,0.0,0.0
27,2019-03-06 17:40:47.085,817,1,73,730,9001,0.0,0.0,0.0
28,2019-03-06 17:41:08.357,4177,1,3567,605,9001,0.0,0.0,0.0
29,2019-03-06 17:41:48.398,429,0,40,380,9001,0.0,0.0,0.0
30,2019-03-06 17:42:09.296,4243,0,3836,402,9001,0.0,0.0,0.0
31,2019-03-06 17:42:49.338,492,1,67,417,9001,0.0,0.0,0.0
32,2019-03-06 17:43:10.314,4229,0,3656,564,9001,0.0,0.0,0.0
33,2019-03-06 17:43:50.382,445,0,61,378,9001,0.0,0.0,0.0
34,2019-03-06 17:44:11.297,4266,1,3650,602,9001,0.0,0.0,0.0
35,2019-03-06 17:44:51.354,454,0,46,399,9001,0.0,0.0,0.0
38,2019-03-06 17:46:32.356,4094,0,3698,391,9001,0.0,0.0,0.0
39,2019-03-06 17:47:12.402,4283,0,3636,642,9001,0.0,0.0,0.0
40,2019-03-06 17:47:52.453,431,1,37,388,9001,0.0,0.0,0.0
